$ANSIBLE_VAULT;1.1;AES256
37393731653064373338356363366162393732323866663234393630363739323339666431643066
3664383865623364343734663834323263373265613130610a346434313864363633653237653666
62393363323164313836333133656632326133386361313663323034346238323037343162623265
6433316464623262630a313566353734623861316632346130346332303135623566646365366335
32613665633938613461356365636139656539383132306562663136646637393365363038633038
62626333313838376461613563646562306331373136313431653437656633646639343733663165
36613065306437653633626564326639323336646162633032383765666330323066383230616330
39316165393662333333396264623235643064643438303131326637393237323632326537323433
33373165666564333061323665326337336534313964316637366161376532313065616438326138
38373736323534353137356465386436333465343533343437393530396339316630383765353161
32393834363566323162626465666130316333333061376132393532366661386361656533626166
30363934353231326335386237643236653331353132383235393630313833306661656330313731
33623065363965613763396139646362613832313537383535626263666262643162316239303832
35653864323161363030633632343363633230613333363864303736663139346633316438336232
33356531326136373635326531643131326263646131633563626365363436383239666163643063
63306338346537613939353265383235663665633632653363316162656433366538663064353634
32313166656439343137666436336532353336313430663939636438363133306364643963373630
63343430383462653738653763336266616463313964376361613463303936616564376664386333
62343332313732666231663363363535363762333837633363626134333665323037383263656136
38613832353063633036386461343962643238316363323938383433323437653661626661303135
61666664333030346466323232383039653430393235623864383130353636643062376637633037
61326463323561336431616663363538353435663832333337303739613863346539373461373865
32663866633032636530363534613934666638633938663732613739396431343632306137653237
38346637656239333666393466363465303635653363303436373330323763396634313162363962
32356466373964366163346439353134306165653430373730393637633539633962383964316239
39623139663965373164303939303866333564376332313862336537613739663231366237316630
39373931633539393339636631333538666464316461333663626639613964363934653164616165
31343966646535333161323465613961383230373137623532383864366239343035306533376664
36383664333966353662363363353532333163663937343432383839306235393138626130373637
32633362663737336435376562333431343163653864646637633562383366313732643237333235
66393433656365666431336138313465353532626165353238373565613265383464353663636665
33366434623936663438353438623165323630363531373465653232633132633238356538663936
30343666623838643031306163643232316666656630306235343762653135643032636438363739
32353962376631633134343539326133353761643061663065363438313730626565613066613432
65376464623034643938363337656138396132323532656638613639616161623766633862396437
61376536353164373361663830323533643730363438383364636266666664623635353463353838
34643639626239613337306238663163643634646337323930356437323734613738303564313638
32343635376638646135336636656430316632303134303165326534313232356235623963303637
31303965373336343261303831313433626533353933343035353938306162616635353461343530
63616134333661343637313261356235343166336532633533313338346332336432313835306333
63643434383935303330323136666533353262323564613431343235393734386165383432633635
35383339666638643336646636323637613765343431326238663833313330316338303664646637
62306638316363336534343332323636346130333535643634663261643661663937393137323965
61643363323462343263633763363737373633646235323931663832313061613261366430316366
65636234663165366366663238656534653164336432366561656166653132663030636237323739
66656262646261356539633031323161663866653334346433633065383866396165633632613965
34346439336261393836633236633232326239303439346435373931333431613333303330383766
33643662656331613738363239363536376561343936323163666362376332326465393230306261
38373064663330663839323439303065353561636538653962336134346463313261643831613231
31343265383634323130396565666666313439303135623064353439633365343636383464373566
65663830626433653333336438633661353562663233616631626662373135303165333034346365
33386436626163646538613765323637383739306464323336663962326330623939633039303838
65376335313035353838663739383732323435643338396163383730383531383735343934346337
66386639623963303838303530633966373063666531636634636661633961323965366638386461
38656365303865623935636530643931656534646433613331366566326563343863323631323665
64303536336337646132326233323536363361303031386166366465303063336538633430356230
66616465396664633230333435356235633032343964656663326339306536323361623231313961
30663765303232336437666537343437373163656637623935643762633566363836643536636463
66346463373636393935623238643633333163313463626136363437326466383537656238336139
62366664616431316362353566613439383035643633303633343364626137326335326631396434
66346633343963323061356536356635326136353761626465353433333131306133373765653339
32356431386630663963313435356136663639353831346532636632306135633235333463653137
38653331346537313861323766336431643066633538363964343335306131373239623865376164
37366333663836343965653538623966633735303839633931653430636561306161646265313163
32343663393764373138383133626331306238383331383531623638663632386239333832623134
30623664336666313938386165353634613035393762373666376539666164336131636461653739
39613062636163623366313263303733363031663039313965653330623036626236333737393034
35323464666362326665306666376266646330633561316433376139666565366466383737666537
61383732323266643438653834393139366637656262313736656163613666316336363831666666
61386265656534373466646135616235353132323430343936613233343035386266643364316466
31636139653538396663353137343730313461316264663339313333346533386465666363306530
37326664656464653465326139313563333938363335383234396661383139636137393466386366
38643233393762363939613039383035383530376161653964356438303463313637613761303961
31333465613431633034666133663866373634346262343632336134383933356334663830613666
66323365623934383537613235313837363738383666323334663366616462363362373263303163
64303630313338656164363533646435333931613266363337313237353066393164333537393565
37353837653238346334373330373365333964663065313430623639613137303237326162626431
65616336316639626133346136356639373964616539663632656535373065346230326630393231
33616531356630386265646164343538613834306234363739653730306138386261306362626565
31393365376161343834313663383233333763313064383064343764393039346561633837623463
37356464626462303136613863386261376664643833356435396534623465323434393730353633
37636236656431616139623739323238346362666637373461303065386266336639343364356238
30613763366536396235336533623233626163626536326535353838643264343166613866656338
30303137346264636661323136646333626430373662656536333934613063346237363732306366
65613662393530336461643933616363373830383630316336316233633163333731393336623339
34383533346165353564393462363037653438623839656464373436396337393162376537653333
31643537366433363839383731323833663865633539383138316466303961663336323633393033
61343763313661396663
