$ANSIBLE_VAULT;1.1;AES256
34356265343163636665623837383730343562393363626165643661613461303430373937313531
3232626535636233623633633839313630326333646430330a663538373332663636613638373537
38393638623461396166616337643362326535653931616265623166623832366337663637366165
6161313933376230630a353330653263346163656364653636353739343866343766626162643632
64643061393934303166313830616264663266653261313063343665313237643962663363316666
36316236643637356634386134623634313439346532623031303133333637333433646563326430
64366638633133613033356237366634343962386139326164306634663665323563363362336239
32626534393965323635363430333965343831346338333962373532323233366563343864346633
39323939623566616638623663393161346233343165326361616334333363343630343034646235
39336230323338366537366436313062653062336533346632373432663964623837666131653561
36373865333431323037323864366261303636376166303137323532333638303837623033316635
32646539636634386561303830613037343538376438386330373838353662663533373061393339
33666336333536346530653732336564663530646337616163636262333830363533313437633239
64643266336130326462383931383432353930613366343562376131643961366137383935633665
65623431373632353763616461376638396464393062653065633038613338323339393030613738
39313435373730656233316264636366396466663231666237643032613064623438373032346335
32666432643463383835303363336634336535633664313130613932343765653039313333333830
36313064653731323864363836383931623064343135656236346465333232346564333235393639
65656638643334663839653136626334363265613366383039343962383932393265333930343638
33633731653738326331333965653165346131386665333236323162323561393032373863333732
30393463316165323333633866363630653031313766643337643461643139633666393939363536
65326135366163343533353264663263356334313932616266393863363837333932396363623739
36356433613138386166613434363464646662353766303465376438373263616333303264383533
35376263346661383239353032616331363162666130323165306432313235646637663262306564
65373865633032306233383661306537643237316261343131653934633739363738306564393238
31626137653832303236366237313137393831323338353331386637643535313937383965313431
39323136336135393564316536313261383761613837333939653131353861643464366136373532
64613661393338343436323039356234353365393036333434303233393638653365643663363535
33313762643461623166313234393039663539376434616361656331316537373534303561383663
39616437363564613435303537323930306166663433333737343634326634613932656361646637
62363765363839396666383035323432366363396230313234626663363861613336626234303636
38386362396239373261333766386630626634373433383964616138613231323461653933623765
36313636386539656166623933303338666233653034313330663462396339343361313530336164
65316331396136616130663236323562376631643730613734363864613533666238643332643037
31313664303234396235633235323165653465626262616361336637333262353835313131373138
35623731663765383131363262626435343663343662393066643234356564393439623630346136
33643866363635653539326136333761356139643061303535323330666237303966363163633132
36373633376332636539306165343066643537343636333531316663353666643837663330393237
39633961373731396530353462333938643930346466366435383366626638396135646534653137
30313730626534336362663266363638623530323862376133663662623837343236623137623161
61633636393364663838626366303664643735383763373464643562353436376163323135343336
61316334653436666336646466626330393162323864373034326363356161626532633231303365
64626130333165363431326435616639303030663133646535353039313765313733623964333338
36313461346430326262353638646234623864373739386635393739656266326237353465663565
33646332646266363437316238336565376539636439346532343731663662653966376132663438
34616439316164333037346539663866383738643438363137643261306130656262373337393462
36366433303336323939393363323262373635313631353039366239306562633561346666656331
39393931663261373530326366333261393562623736353863646330623961666333333434376266
33616535653437373865313363306663356634633737633338353166656564376430363964333031
64643164393133373065373466393533613130336163313562363365616662363234303764616631
38373937386131613461306432376531666263326663313036666532313630306235353665363962
32613363353061306238636332366466383437323432373163616530323965363934303935623465
62656137623932323862383135666134343164346166346138346234313761626637363135613063
36326262663839326164323335383966643961663566343666353566653161376439343366396139
65363535323961313335626436333631306335393630323065386165633631646664343762666533
30643165373637366362623166386435316130616163666661343639393136363465633461353664
61383336383530343230616139373033353230373661383636303031383339316432383634653735
64623038626139396538633934383135333666636539636463653734393432663137323866346363
36306237336635313036396532626234626162656335373235653930313561646339343839613533
33323830363433323065393435666535393838373666383034373332613661613562323231336536
36366535653335653265656634306533323465613363323630346330626530383237393661653537
61663736353835356330393663393662393132373635363834393630393061643463656266633637
32633637333032313831633831323239373739383365346364656632613334353138373030643166
37303934386463643163366563373237326565323735643436616666326462616438386235346136
33646261353865313433386361323439343164613638323065383330623365636662383063303861
64396638653538623263376463333766326230376563643161346361643663336138633030326265
32663765373431316332373331336462356334366134303139386636313136653636633638353334
30656463643333383430386465373735623431656261383265393436313033373837376161636139
66303865666636643733626563666636656265306539343038346633663161656331616362376434
34313735613138613765303839333362346136326139353966626536626532313535366363613062
61623132383766303161343831363333356436333438316661343261373462303639373230333237
64363862626363663434303437346233363831373735336435353561643466646264646436366366
34613965363361336237356231356264666336646565303966623831326434646537323732656133
30386562346365343965353333353462323437666663343630303535373337353030326230346431
63333164646636636431316439316634346665333535636566383466616631306531356662653839
33393731616566646235613836613863333534616135393564366166633862666339386435326266
34383539353331643633303139383966373338616134323862333739633264383037356162373239
66386639343838356265316138623439356363626635663432373161393738636430613632653234
30623563303734643663303266623761303435616435623037323564653236323862313831626638
30343831343964333364383937306237666363303236626263663832373836393362396530616464
33393833313965376264623466386339346361316261306538656664376536356363633963653462
62356330383962366134353436376564623437636135366166663331353362373661343038613739
30306235366538373032663431643735616364396134663063636131313663313637373933383338
64636433353133666337323230643132623361643066656361333065646539356362646162346366
35343562633137373664343766396264653336393062663330393562613761336561393662646432
30303630633233613062313263333535336638643939333535333665653766396130356539323064
39623331663531663137376238653965366463363131303833356430656536333866386536393931
30333064653363373539333837386361326366323037323632353966666338393236353332326439
39323638646236363832663234653265316666363364356535383832643534616232366464313764
38336235366235313465626430373938353531363364323761333231663466313134323662396535
35363066353936626534393731313033623537623365326138376437376365393366346462343636
32353331386261356537373635663864383364656333663366626534666366356331646234653763
65313330636231353837323239313238643066373634663332656431333935316165393537346633
35643034643833653739643361353235366462336231333432616338633430396361396365356233
64633961616133303531383836363361353735313061353134376662663238356633663838616630
37393434306535306563343438363166326131316665376262633266343335323161353135383563
64363037346535646630363164663766643566643936353033336166633039636361646138333065
62613332306665383036653564626239643233303535636635656464643137636434313762356263
35623739623436313031623333386662653230396164613730666364363061653762393463396433
38613734346265353332383966356163363164363165383739353266666265316437313265646139
62633438663664636435653738363832356436376364323962336532353064356231343333623362
31396466613963343263613633663139613333643837396236653462346433656539333765633264
31303931393662383738393539393838303736333334663236613639356132663232626163633936
65336537303938623963376233306138303239353736306530636133383365363763633165643863
30353661636363393861666330376463363662666133663063316337663934623466353230356338
61383134326364376561656464373139336531363131663666646662316465366636336136396330
34666366653739356133653565316661626163373633353033386333333963323161373133653338
33643935343332303335383337636163333763646437383766343061316535383536313935653362
39653831386431336134353062336463326335306138333464363239386635343961636362343833
65376239333034363138323637616161653362646363656265323964646536333466633731623863
32343665363362636563306530333965343562326635346663636530613936343031313734626363
38626136643163303231333030656462303231303435363232613163636164623534626562356662
65393232323664363935326230643431376435613436313239323866343265633664316334353636
31396266383466613033633532656265363935333165343861643534653932343538613663373761
38353166313566633233386565633237616132613339373262303330393636313039653934333637
34306564623130326435623633646132376431656564363139393536326639343137316238396338
35303562636534346562613264643430333630383465346361643232353463643662346331633765
61366264303561393038323031303431326432613436646239663833623234623765636334353561
64643037383265333033643964646232353864353737656433613433616462396431323837313236
63323635636663643762653464343661633135613362623332646235653866313137656463666265
39376132353363323937643735623330666461623331646131323232646130643535306232636336
62366662316630663031623261316465303539643833653239393237306536333463613133663162
37613333316539313664343739333566636438316233623161366566366231633566383761363562
31393463373933366236343534323232306365663762313262633038633765303035663063373732
30663833613161353466303663623634643334623263356636636463646635336237386362383362
34663566616366316464356236396165626634353963396362613834386230396463363130616138
33656662313034303431616633656164393834396238333430653162323131376239396535636230
39306165353165383036366266613136326335656462643265663463666263653833613338353732
66656432326533653338333937336162393439383466353961663235653664653363333461306233
33376435613035626638663836306231633330656666613037393835343264623634643266613839
39373365656432383366336432326563303963623039326432396435316338393465613633656436
39656631333865396435323238623939393433346164663165666330353963393330366263383964
37616231313830323965346665376239303935343562313934393035346135366665386466656262
39333232616261306633653462333166386633663861316530663331323139373438626338343537
64366665666262363436303330363466633364376533363165393335656634363663386238646536
38333533373034623738666139323135393939613538316465393635323531663434626263336166
33613461393539333839623161613763646336303431666139613165393238633838313336366532
36316635623938333936623435313134323361393164393638643334346564323830303636383234
31633165363466613330643530326432663434323465303331316465326138386463653866613139
30356162346433326636646631303764356535376231333635323364316538646139656436336261
62613833313933373031646265363230616132613962396363303434633761633538663833643133
33623739653365353831333337343763643765326531663136346332623837383063633865343464
64323938363566346438333062613538336439313737636437346632323033643262396665303037
32633865643434313537343032373565623637636537626234306137333531626434623433346639
31633866396534313834313834656634636532626334393261303534393537316136303637383862
39636636636464623361623863326435636630666631356539363064333337383833343163313132
39653835336438366531303365616264633465313435383037373234323063636666353562353438
62653236346661373466656165653766623439663831643138313662363766653735373537646563
36346263333533393130333933353263306430653362333365366564663839363339626436306138
36323465396561306133313364313339346463343731306431316366656462366532343435356638
61643230623332353732333934376132616531633835663038613563613830333337643333386664
66343137653131333930303239326232346538343036373663616535333936373036336265353534
63646530353036323135613939383634613134613539646662613866633465333733336163323466
36616639303563373030623731663634396238633934353962353934303037646233303431636237
64336562336534376332333331323738656337373634616436643132316532326637643232333130
64303931306562383566396137636531323932633037613466633831663539396637616135333538
39383638653638323865613331616365373632303733656530656533333036376334643364653739
34623935626566356563623966616336316331656363303062616265353963333937316332373733
65373939323035396138643966383831326339383732616133306431316661393137636234666538
33386336326330393465393563396436373230383631653065333765633937306666663636666562
66613531363562636261336561323463386234663632646538643032376162376263306666373432
37363032316361336163323139646239303863323730633032376361626236616466326636303536
39323166366462393237613937303438333266303132656638393431346566643938636463303437
66653363356566376465373435633138666134643063303664323362663163386262663065643933
34396565313630346537643131303236613138373663383837333361643630356363643938626631
64393062323864373336333732333862316264363332633964643366616361343036396161613234
32313566623637626436633062323234353831383930646234633132396639663132383162626565
62336465333332666632663966396464396439623438356439663430313334353833343830343430
61393638613736323262656632303136393539643162346461343364383366643663396164393533
37383265656637393662393230326632613261366430303862323434316136626138363263353736
34386132613361323135353362613936373066663432633035656238363931613134383961373063
39343030366362393033383566386338333535643838306133323235386632653864373633306632
30633435383064623663306461343030646439613564393764333230373132333839
