$ANSIBLE_VAULT;1.1;AES256
61626530663632366661613466666465363362306132633031313765356431313462643164353264
6561643835363761356633656136623366663834386261360a623332386438656333623233353938
66343262633230303935386230316431383133323462653366353936623366356635373931393461
3038356533333134320a383761363632363739356431663362323464636337333862616165316463
64353339616461363631393232346564316134306532636538613834313131636166383830353832
38366262333239326238633033663139333838623035623935386632626163616438393765626636
35363263386438306432333437366533343633383164653166353639346661333435396161343431
63333062626139323765653566336562326332613361306262333561306637346431383062316239
61633337646365333539646634303134313337613230613263393938333636623333353238373564
38323732666163353037306363336632396432333363623932323164393630333361623532363363
30353863313164643735396539663336313162333239366365306639343461643862346561386235
39613637343537646231643035393130376634343432656261633062366361623431656430346331
30633464313434666530386232663062306230366632373033323666373336386461353964643232
33326437393039326162306236393966376165626533373764303432396136613131346266363838
34313164393064643339316530323536393539623766313336306661383034636431376335613866
61396433323131396465316638393439363766613930626439626561303862386130353133323130
32383565326363316639383531313437613564666665333636353963363031386561656232393966
39386365643434343335613461633435356534643863353561333539336162633332356663633165
38393061663132373966313864363631643233626538643034393535613266303436653337366662
39643262636637393536383336363665626435316163653136313238653531613166346432353965
30633565383734343263343866323565313162333332316638343465633832393136353639363963
66366638656533333834623066326235336537396166316330633866633732316664373335333239
65663833633637656439323434306232303737393362323335653133626265383966616565643635
35313765646238333366366239386565326237333333336362393361336263313261343965353037
34343331393534623033366263353139626639363335396531636231393663353930636366613835
61366639373265346464623435386131306266626461613736353933626533363166306263336431
35383263353832316163363530303631616263643033613330666538323639333538363433366335
36366664623939633933303837653534313364363063336261633034643265303464626136373434
65306537326539303163633939646230393233313261343463643466623338393061633535356339
34356364306265343839343366346633383065653733353536353430646362653237333237663136
34313061343362323630656533366639366338636536313833306533303835636163643437306131
35633733303533393538613939306534633063613830343664353064373131663361636639646339
35353865316166373030356264303162633431363330343464343162306462633134653131303435
34363432616630386133373636303838326232303461656164303064363430643339393833643261
34356365383765383839373634643830656531323131393833643738363766623530613263653330
37323034333633613466333065616665326439663439663339303962393430393139633332333365
33353562653135633334613432396531356237376335306235386462333163653933373936613231
66613431393764343432626562396234356139316434383664303663313139636165306166643264
63383736366365396430313936303532653433653434623136303332663934646262366162373562
33313032643061613161386132636635666163343162366432333936303138653263383030363536
64643661353230383238346536326463663537326136396639356634643731373730653165316564
34303531626465303664303837613465666536306662323263353234336263353139336636656538
34643834373738363938386131306235333734303930326165343361373333653334303962656330
38346334616133386165393662303835626634616637616162343739663366376362373834306536
66656533613461343337663061323663643035396336613933653562386262656666303130616464
32393130313033353934626234633765653066616365366662326636313036326235373933326661
39343430643334323835643335616132393238643462656433653232376335356132386234663936
62393334306165306265373034363266376335396631386165333062323561616634343634323762
34376231366332616164623436373737636239653130353639363263306535373561376631656339
34646432613634386562663331393365613039623631653633386465653362643761653530323561
62373236323631326632306562633663303530333935383136316235323836633935643935323361
64343935666339393434623862343737613161643938666139666361653432333237646532356661
39353833633730316365386339653436333165303163623532383238663038343831656533396139
39666238346336346466666163646634646439653731383537373038633661343364323839353732
31353662643465346433326262643638653536613862383039306630633963313463363262663532
35646563386565666633306262643235343065393731343336336464653939353730643634626133
38316566343266356239623431353134643230313762623039363463666164333965313833666434
63383337616136346264643366633431626438333833373034636337326332303363656164393064
66643133636139613835333862303139383061613962616135383532323830616632636261616537
32313666353935373661376132646332326266363635636365386666343032366337356234663639
64303866616661636230376565333636663536356538333462303033386433373839363337633331
61373138626232326233633630336561643566353537323961386634636337646431653063323861
39373032356434333934346133393333663036646632376362613562356436306331306338353162
62346433653532353338393831343839616136623930643133376364666531386264633438656632
38316131363230393565303139366463643035336161613362383232653732663434303638653030
33623132663530666164393465393536336135613034326466323638303762316339613639646639
64666335373662323738393032323664663834653534356633663939646466623838303365313533
39353735356239353731636536303434356563363636333338653036363431633764313938373861
39306165336663363635316437636565383261613134363235663735386237326266333038393666
38333063396439336561356232333664643630613833313436376438653738343533653238396233
33356665396466343638326161663662313863393866626539373032663734333538353233626462
31616364613637303161623034613831643061326366643532396163333139396632363262323335
36323132313338343637346632633964306164366466363634393163396337396639303665613538
38363162663834633639633434633332663231333933346164633739323335633663613466666339
64626366613231373736396638633630326138646137376337343633326632623536356462373332
36306662636430663732336664373130656434386638373039613165376335383964643335333130
37336138613632626531376539366530373765393336313438656263303535366438346333343164
64303937613733363466393362653132383435663139333264343238646362303962616262653338
34363665363038316132626539323633353433346534306434616235356538623134623039623638
34643663646331306561343739363361663264323038633232336135376234353531303962626631
39383563623065323233363063333563383339643561306339623332616334373637653831623233
33663933353831613132323238626635626266386136336430366137373761613830653236653731
37616535373031613865643638363230376165623762376236363166323563393361383736346439
31363335396332303465303537613237623337663331666462313435616233613763303531643533
33663565366236396639303038636637353132323262386335353063633838653665636464376362
30326331313966656336653861393434363865653631366366313733383538653262373662363566
33386164363436316264333539656534356330323637616435666136373064633830666333363331
35363937356134643866643266636166616535376536313736313066363530363436366266633833
38356639376235303332353132646234383965363564643132386162383932663035363636383661
38613730346238356365616265326165613134313361653935636232313431346238643363616562
64653136656363643464353965366262383637333461663139396564356436333564333462633334
66306665373161356364333365336666646364313866333532313335326135336436366238393436
33363064386461393933333230336636386530333037373233343931306465393565626461353164
64653833323665653362303834663633643234643665396330656262643338393036323433323530
63646236646635376265343261366638623263626232653265396539386662343831633664366666
66643363616263303230323634323866623536663234303365613433643661356131323937333663
34646130613363336335633863383762336163633866343531303961623832376335346335393139
66613934373234653530663734633963323630383434623636653731316662633036373033656239
39343164653930313964306565633032626365613236313932383165343531373063636365643330
62356534633838303461363161666233326564376665356330623465336261326165353465386562
35383333386332666532343639663031613538653536353237366361663666383164613761356132
39623666386462316232393832643563376332393436653164333330313161623166643631323936
39623662626663356263336365623663343132656566383062616331613038333261343530353339
38626230343937393764333862613863373539356534356332333938663766336432343363356533
33353530623735353363386261353937353163626265613734616431333732313039636136653532
38333934333963613032356563386666333530356137313631303966633234663037613431343733
39313532363761393766636564373532623331326138316662646638356235636262646264346461
34613537306432663264373466366538366435323034386263303664323561306138353130386563
65623633346236383633376230646639333339336339356664613562623465653264663536643138
35343561383162303735323634633538383538313030333634393632313666626162643530663130
38383464613262643563316164303632656433313536633063643238663135636438326366626430
30383331336665303137626266303537346233316333653566616235623262363332383235353739
61353836316437396430396236626465633032653334333431353966396265333362616239626365
37623030376539653239633964396266366239616230393962656461363334653435373439613363
33623237396531633637643038633130346332616162613936666535303363646462633465323664
66663135313939346435363937643434376364323465373635396363303632376364616638633831
35396630333065336462363037386338343432333630336139323234646234373133666462306464
63373463313262366636333436323231366439356166393661663563396464646138303031663835
34353532303265353531343639386339366636636634323739363032656334356662383835323734
64343332353337646366376338313738353537303762313566363461313361663961303765343435
62393861663934366230323435393031633732323431633030643631396333626138356430366637
37633436313733636639386431386131656530356134636233663739643064343333316463343536
33363661613532656163623361326539386539356664623037333731396335616438306535323333
32303833653635653938653233666634326635373834313361353862313936363263336234393838
31613464316239326138633138376361613064646337383039636534613132616638313933303762
34306237303531396266643537646464623636333838343839333638643839623131616239653336
35333634346334646132373430663030613134653165633536633932303436303463633962623434
36306364313764663336346433393335653435303432376632376566333033653434343062663936
39653064616562333136396231333762313434396566623639663964626235383563336233393538
33383363623864313466626332653639616533376632636662306534326664303230316334633861
33336135346332306439326439616661393162643434653164303733663335666238653662346631
32366631303765616137303131613132646438613265373739376264393432323437386139396638
39663064323632616634326632643466363133376166643933323538373836346361653764613039
34663766303666636166393264666165343939383865393133383732626563316166383231633361
65373038373666363939633039396362656530326634343066356339353032343163316437396333
65303931653833393834356136333733323932363066363062333131636439636164316136386364
30323439393737393731313533313131343465313761306434323565346632356533653830663663
63666131343865303962353339356162366335346633353166396135393230623939613738653561
34383334656532343238316637633437383833373733376566656136373830306166333461663239
33336335313434303162303733653063303161316436373335616338636566383064306362316362
30653563663831303533313139643230643364663563386364363133643366333666393937646363
61353938353833633432393638336263343963656265663435323363616331333461303433343535
36326136373337393330343362346166343238366565356366613831623435383362666661323537
32303564663238383764353335336538336166353337336631663966363839343633306337313535
63363437353935653966333863393762613839393833356330356662396635623863663061323363
62383964633033363737363639303132333733346432616337353930303839353436643539363261
30623835623630666238643131313932306239643336636432616662336536353136613737323534
30303330633438333666306131633330626633396462656533346562616438333235643736363961
64393062333734396465336335363238666361386336636163646532306532353161386336633438
31366562626435666263663634656535626631366332366566396435383734663939633337363533
34626135643861376539316666383731633238396162393963646464623361386333646562336663
31363062663565633261383264356165636134653437353631366431656637333662336337363032
31363439393530366130613938346461346638656131363234643735633366323035323766353366
39316164633231653335646662306232336464633061666334623736663833346134353436376165
39353639363361633635646566353061623237393030336464316437343935643836396365373766
64333837336562643933313132386536363665613830306233636238333038373065636662336237
36383538316531363732616564383731376364643732653036333830633435656535303739663466
30616338636464323038656230653434336662346161303235643434363464613038323338316336
30646538666362366264366338353035396361636565326630643338643833336464313630343861
66646366343836313965333431646664373930653562383639643931343737346462666538306331
33383834643330363664643962633132376465353163643463613030633331663937613862313035
37626331666638613865326363363961633233373132313336656162363837636261383961393565
35663533633563393866346335353931633935323831613762346165313964626566386432616230
31653361323663656330656537356536333035303439653735343137633333303439613362636238
38653634383635316463376636303034376337356638623137306665333238643362353436303637
62326465373137333739633435626232376637313231353133643939616636393964306266663735
37313937663637383233643839646165336234346338316530633336316230626361646530333534
30363939336437643061613162636435613336313662623362363135326638653264316162646663
61363863656561343263366564313037653035616665376439636338393963303033346337643935
63313539363865376135386237376463653433636131343566633739613465336537353966326361
33373135363635346332393165323438313236326630313963373733396533626232393231303133
34383131623034343763636637663439636161316362396537373436613766346561613030326365
66306164653635396638653564326335633036336563323733663332623736363137
